31157979
500919771
62634939
125269879
-612967561
31317467
62634935
997120887
1994251127
249420663
1994242935
249412471
1994241911
249411447
7829211
7827163
125267419
249281399
249280375
7794395
125234651
125230555
15658715
15658459
15654363
-612930121
498562935
62355319
-612962889
-612966985
-612967497
1947355
997682619
62634871
62633847
997649851
997645755
997645243
124710331
124706235
124705723
997125559
997121463
997120951
3913435
3897051
-304386629
31177659
249421243
31317435
249420731
31316923
249412539
31308731
1994251703
249421239
1994251191
249420727
1994242999
249412535
1843097015
249281463